98
87
50
80
40
35
60
30
0
100
0
25
0
55
43
100
30
0
38
70
50
60
0
80
85
35
70
25
65
43
40
50
90
30
45
55
50
45
40
20
0
80
55
35
30
35
35
80
45
35
75
85
40
42
0
75
40
85
40
7
45
65
80
30
73
70
67
58
30
35
95
55
40
35
45
30
65
40
40
78
35
50
45
0
30
35
75
58
0
39
4
35
15
15
75
65
58
50
52
95
57
73
80
25
30
25
100
100
70
85
32
70
85
60
80
76
85
58
65
90
75
75
73
60
85
77
77
45
80
83
48
40
44
70
40
45
40
40
1
15
83
38
55
73
30
42
70
65
50
70
30
60
40
30
73
55
75
63
65
75
68
60
49
50
83
45
80
0
50
58
55
63
85
35
40
78
70
20
60
55
63
35
55
65
83
50
62
73
25
48
73
40
0
95
45
30
83
30
28
75
80
38
75
80
90
45
70
33
40
53
57
85
65
95
78
78
65
65
95
50
73
100
50
100
85
45
45
85
90
0
85
80
85
75
95
40
95
73
0
35
25
78
40
40
45
35
26
70
80
35
60
25
25
75
35
0
60
0
0
0
0
0
15
